0.000000 0.002959797 0.000000000 -0.000000000 0.000000000 0.000000000 0.000000000
0.100000 0.004113308 0.000000000 -0.000000000 0.000000000 0.000000000 0.000000000
0.200000 0.004654849 0.000000000 -0.000000000 0.000000000 0.000000000 0.000000000
0.300000 0.003510199 0.000000000 -0.000000000 0.000000000 0.000000000 0.000000000
0.400000 0.002519488 0.000000000 -0.000000000 0.000000000 0.000000000 0.000000000
0.500000 0.001673435 0.000000000 -0.000000000 0.000000000 0.000000000 0.000000000
0.600000 0.000962759 0.000000000 -0.000000000 0.000000000 0.000000000 0.000000000
0.700000 0.000378180 0.000000000 -0.000000000 0.000000000 0.000000000 0.000000000
0.800000 -0.000089584 0.000000000 0.000000000 0.000000000 0.000000000 0.000000000
0.900000 -0.000449813 0.000000000 0.000000000 0.000000000 0.000000000 0.000000000
1.000000 -0.000711787 0.000000000 0.000000000 0.000000000 0.000000000 0.000000000
1.100000 -0.000884788 0.000000000 0.000000000 0.000000000 0.000000000 0.000000000
1.200000 -0.000978097 0.000000000 0.000000000 0.000000000 0.000000000 0.000000000
1.300000 -0.001000993 0.000000000 0.000000000 0.000000000 0.000000000 0.000000000
1.400000 -0.000962759 0.000000000 0.000000000 0.000000000 0.000000000 0.000000000
1.500000 -0.000872674 0.000000000 0.000000000 0.000000000 0.000000000 0.000000000
1.600000 -0.000740020 0.000000000 0.000000000 0.000000000 0.000000000 0.000000000
1.700000 -0.000574077 0.000000000 0.000000000 0.000000000 0.000000000 0.000000000
1.800000 -0.000384127 0.000000000 0.000000000 0.000000000 0.000000000 0.000000000
1.900000 -0.000179449 0.000000000 0.000000000 0.000000000 0.000000000 0.000000000
2.000000 0.000030675 0.000000000 -0.000000000 0.000000000 0.000000000 0.000000000
2.100000 0.000236965 0.000000000 -0.000000000 0.000000000 0.000000000 0.000000000
2.200000 0.000430140 0.000000000 -0.000000000 0.000000000 0.000000000 0.000000000
2.300000 0.000600918 0.000000000 -0.000000000 0.000000000 0.000000000 0.000000000
2.400000 0.000740020 0.000000000 -0.000000000 0.000000000 0.000000000 0.000000000
2.500000 0.000838165 0.000000000 -0.000000000 0.000000000 0.000000000 0.000000000
2.600000 0.000886070 0.000000000 -0.000000000 0.000000000 0.000000000 0.000000000
2.700000 0.000874457 0.000000000 -0.000000000 0.000000000 0.000000000 0.000000000
2.800000 0.000794044 0.000000000 -0.000000000 0.000000000 0.000000000 0.000000000
2.900000 0.000635647 0.000000000 -0.000000000 0.000000000 0.000000000 0.000000000
3.000000 0.000392763 0.000000000 -0.000000000 0.000000000 0.000000000 0.000000000
3.100000 0.000070301 0.000000000 -0.000000000 0.000000000 0.000000000 0.000000000
3.200000 -0.000309196 0.000000000 0.000000000 0.000000000 0.000000000 0.000000000
3.300000 -0.000711774 0.000000000 0.000000000 0.000000000 0.000000000 0.000000000
3.400000 -0.001100798 0.000000000 0.000000000 0.000000000 0.000000000 0.000000000
3.500000 -0.001439535 0.000000000 0.000000000 0.000000000 0.000000000 0.000000000
3.600000 -0.001691253 0.000000000 0.000000000 0.000000000 0.000000000 0.000000000
3.700000 -0.001819219 0.000000000 0.000000000 0.000000000 0.000000000 0.000000000
3.800000 -0.001786702 0.000000000 0.000000000 0.000000000 0.000000000 0.000000000
3.900000 -0.001557236 0.000000000 0.000000000 0.000000000 0.000000000 0.000000000
4.000000 -0.001101864 0.000000000 0.000000000 0.000000000 0.000000000 0.000000000
4.100000 -0.000423522 0.000000000 0.000000000 0.000000000 0.000000000 0.000000000
4.200000 0.000425533 0.000000000 -0.000000000 0.000000000 0.000000000 0.000000000
4.300000 0.001361147 0.000000000 -0.000000000 0.000000000 0.000000000 0.000000000
4.400000 0.002291661 0.000000000 -0.000000000 0.000000000 0.000000000 0.000000000
4.500000 0.003125149 0.000000000 -0.000000000 0.000000000 0.000000000 0.000000000
4.600000 0.003769685 0.000000000 -0.000000000 0.000000000 0.000000000 0.000000000
4.700000 0.004133341 0.000000000 -0.000000000 0.000000000 0.000000000 0.000000000
4.800000 0.004124192 0.000000000 -0.000000000 0.000000000 0.000000000 0.000000000
4.900000 0.003650952 0.000000000 -0.000000000 0.000000000 0.000000000 0.000000000
5.000000 0.002640319 0.000000000 -0.000000000 0.000000000 0.000000000 0.000000000
5.100000 0.001095417 0.000000000 -0.000000000 0.000000000 0.000000000 0.000000000
5.200000 -0.000862460 0.000000000 0.000000000 0.000000000 0.000000000 0.000000000
5.300000 -0.003035593 0.000000000 0.000000000 0.000000000 0.000000000 0.000000000
5.400000 -0.005208280 0.000000000 0.000000000 0.000000000 0.000000000 0.000000000
5.500000 -0.007164179 0.000000000 0.000000000 0.000000000 0.000000000 0.000000000
5.600000 -0.008686945 0.000000000 0.000000000 0.000000000 0.000000000 0.000000000
5.700000 -0.009560234 0.000000000 0.000000000 0.000000000 0.000000000 0.000000000
5.800000 -0.009567703 0.000000000 0.000000000 0.000000000 0.000000000 0.000000000
5.900000 -0.008494507 0.000000000 0.000000000 0.000000000 0.000000000 0.000000000
6.000000 -0.006167796 0.000000000 0.000000000 0.000000000 0.000000000 0.000000000
6.100000 -0.002593190 0.000000000 0.000000000 0.000000000 0.000000000 0.000000000
6.200000 0.001947739 0.000000000 -0.000000000 0.000000000 0.000000000 0.000000000
6.300000 0.006994945 0.000000000 -0.000000000 0.000000000 0.000000000 0.000000000
6.400000 0.012046390 0.000000000 -0.000000000 0.000000000 0.000000000 0.000000000
6.500000 0.016598538 0.000000000 -0.000000000 0.000000000 0.000000000 0.000000000
6.600000 0.020147851 0.000000000 -0.000000000 0.000000000 0.000000000 0.000000000
6.700000 0.022190791 0.000000000 -0.000000000 0.000000000 0.000000000 0.000000000
6.800000 0.022223822 0.000000000 -0.000000000 0.000000000 0.000000000 0.000000000
6.900000 0.019746885 0.000000000 -0.000000000 0.000000000 0.000000000 0.000000000
7.000000 0.014357350 0.000000000 -0.000000000 0.000000000 0.000000000 0.000000000
7.100000 0.006066652 0.000000000 -0.000000000 0.000000000 0.000000000 0.000000000
7.200000 -0.004473538 0.000000000 0.000000000 0.000000000 0.000000000 0.000000000
7.300000 -0.016197485 0.000000000 0.000000000 0.000000000 0.000000000 0.000000000
7.400000 -0.027942025 0.000000000 0.000000000 0.000000000 0.000000000 0.000000000
7.500000 -0.038540515 0.000000000 0.000000000 0.000000000 0.000000000 0.000000000
7.600000 -0.046826312 0.000000000 0.000000000 0.000000000 0.000000000 0.000000000
7.700000 -0.051632774 0.000000000 0.000000000 0.000000000 0.000000000 0.000000000
7.800000 -0.051793258 0.000000000 0.000000000 0.000000000 0.000000000 0.000000000
7.900000 -0.046149034 0.000000000 0.000000000 0.000000000 0.000000000 0.000000000
8.000000 -0.033762978 0.000000000 0.000000000 0.000000000 0.000000000 0.000000000
8.100000 -0.014639775 0.000000000 0.000000000 0.000000000 0.000000000 0.000000000
8.200000 0.009759642 0.000000000 -0.000000000 0.000000000 0.000000000 0.000000000
8.300000 0.037032527 0.000000000 -0.000000000 0.000000000 0.000000000 0.000000000
8.400000 0.064554534 0.000000000 -0.000000000 0.000000000 0.000000000 0.000000000
8.500000 0.089693401 0.000000000 -0.000000000 0.000000000 0.000000000 0.000000000
8.600000 0.109816866 0.000000000 -0.000000000 0.000000000 0.000000000 0.000000000
8.700000 0.122292667 0.000000000 -0.000000000 0.000000000 0.000000000 0.000000000
8.800000 0.124488543 0.000000000 -0.000000000 0.000000000 0.000000000 0.000000000
8.900000 0.113786706 0.000000000 -0.000000000 0.000000000 0.000000000 0.000000000
9.000000 0.087974687 0.000000000 -0.000000000 0.000000000 0.000000000 0.000000000
9.100000 0.046562605 0.000000000 -0.000000000 0.000000000 0.000000000 0.000000000
9.200000 -0.008275917 0.000000000 0.000000000 0.000000000 0.000000000 0.000000000
9.300000 -0.072644665 0.000000000 0.000000000 0.000000000 0.000000000 0.000000000
9.400000 -0.142242110 0.000000000 0.000000000 0.000000000 0.000000000 0.000000000
9.500000 -0.212752248 0.000000000 0.000000000 0.000000000 0.000000000 0.000000000
9.600000 -0.279859074 0.000000000 0.000000000 0.000000000 0.000000000 0.000000000
9.700000 -0.339246583 0.000000000 0.000000000 0.000000000 0.000000000 0.000000000
9.800000 -0.386598771 0.000000000 0.000000000 0.000000000 0.000000000 0.000000000
9.900000 -0.417617617 0.000000000 0.000000000 0.000000000 0.000000000 0.000000000
10.000000 -0.428508633 0.000000000 0.000000000 0.000000000 0.000000000 0.000000000
10.100000 -0.417617356 0.000000000 0.000000000 0.000000000 0.000000000 0.000000000
10.200000 -0.386598262 0.000000000 0.000000000 0.000000000 0.000000000 0.000000000
10.300000 -0.339245851 0.000000000 0.000000000 0.000000000 0.000000000 0.000000000
10.400000 -0.279858157 0.000000000 0.000000000 0.000000000 0.000000000 0.000000000
10.500000 -0.212751197 0.000000000 0.000000000 0.000000000 0.000000000 0.000000000
10.600000 -0.142240989 0.000000000 0.000000000 0.000000000 0.000000000 0.000000000
10.700000 -0.072643549 0.000000000 0.000000000 0.000000000 0.000000000 0.000000000
10.800000 -0.008274896 0.000000000 0.000000000 0.000000000 0.000000000 0.000000000
10.900000 0.046563429 0.000000000 -0.000000000 0.000000000 0.000000000 0.000000000
11.000000 0.087975204 0.000000000 -0.000000000 0.000000000 0.000000000 0.000000000
11.100000 0.113786812 0.000000000 -0.000000000 0.000000000 0.000000000 0.000000000
11.200000 0.124488161 0.000000000 -0.000000000 0.000000000 0.000000000 0.000000000
11.300000 0.122291767 0.000000000 -0.000000000 0.000000000 0.000000000 0.000000000
11.400000 0.109815463 0.000000000 -0.000000000 0.000000000 0.000000000 0.000000000
11.500000 0.089691559 0.000000000 -0.000000000 0.000000000 0.000000000 0.000000000
11.600000 0.064552364 0.000000000 -0.000000000 0.000000000 0.000000000 0.000000000
11.700000 0.037030188 0.000000000 -0.000000000 0.000000000 0.000000000 0.000000000
11.800000 0.009757341 0.000000000 -0.000000000 0.000000000 0.000000000 0.000000000
11.900000 -0.014641783 0.000000000 0.000000000 0.000000000 0.000000000 0.000000000
12.000000 -0.033764402 0.000000000 0.000000000 0.000000000 0.000000000 0.000000000
12.100000 -0.046149586 0.000000000 0.000000000 0.000000000 0.000000000 0.000000000
12.200000 -0.051792717 0.000000000 0.000000000 0.000000000 0.000000000 0.000000000
12.300000 -0.051631028 0.000000000 0.000000000 0.000000000 0.000000000 0.000000000
12.400000 -0.046823366 0.000000000 0.000000000 0.000000000 0.000000000 0.000000000
12.500000 -0.038536494 0.000000000 0.000000000 0.000000000 0.000000000 0.000000000
12.600000 -0.027937172 0.000000000 0.000000000 0.000000000 0.000000000 0.000000000
12.700000 -0.016192162 0.000000000 0.000000000 0.000000000 0.000000000 0.000000000
12.800000 -0.004468225 0.000000000 0.000000000 0.000000000 0.000000000 0.000000000
12.900000 0.006071357 0.000000000 -0.000000000 0.000000000 0.000000000 0.000000000
13.000000 0.014360754 0.000000000 -0.000000000 0.000000000 0.000000000 0.000000000
13.100000 0.019748299 0.000000000 -0.000000000 0.000000000 0.000000000 0.000000000
13.200000 0.022222714 0.000000000 -0.000000000 0.000000000 0.000000000 0.000000000
13.300000 0.022186883 0.000000000 -0.000000000 0.000000000 0.000000000 0.000000000
13.400000 0.020141143 0.000000000 -0.000000000 0.000000000 0.000000000 0.000000000
13.500000 0.016589310 0.000000000 -0.000000000 0.000000000 0.000000000 0.000000000
13.600000 0.012035199 0.000000000 -0.000000000 0.000000000 0.000000000 0.000000000
13.700000 0.006982628 0.000000000 -0.000000000 0.000000000 0.000000000 0.000000000
13.800000 0.001935412 0.000000000 -0.000000000 0.000000000 0.000000000 0.000000000
13.900000 -0.002604134 0.000000000 0.000000000 0.000000000 0.000000000 0.000000000
14.000000 -0.006175743 0.000000000 0.000000000 0.000000000 0.000000000 0.000000000
14.100000 -0.008497848 0.000000000 0.000000000 0.000000000 0.000000000 0.000000000
14.200000 -0.009565193 0.000000000 0.000000000 0.000000000 0.000000000 0.000000000
14.300000 -0.009551221 0.000000000 0.000000000 0.000000000 0.000000000 0.000000000
14.400000 -0.008671424 0.000000000 0.000000000 0.000000000 0.000000000 0.000000000
14.500000 -0.007142795 0.000000000 0.000000000 0.000000000 0.000000000 0.000000000
14.600000 -0.005182325 0.000000000 0.000000000 0.000000000 0.000000000 0.000000000
14.700000 -0.003007008 0.000000000 0.000000000 0.000000000 0.000000000 0.000000000
14.800000 -0.000833837 0.000000000 0.000000000 0.000000000 0.000000000 0.000000000
14.900000 0.001120843 0.000000000 -0.000000000 0.000000000 0.000000000 0.000000000
15.000000 0.002658793 0.000000000 -0.000000000 0.000000000 0.000000000 0.000000000
15.100000 0.003658736 0.000000000 -0.000000000 0.000000000 0.000000000 0.000000000
15.200000 0.004118392 0.000000000 -0.000000000 0.000000000 0.000000000 0.000000000
15.300000 0.004112438 0.000000000 -0.000000000 0.000000000 0.000000000 0.000000000
15.400000 0.003733665 0.000000000 -0.000000000 0.000000000 0.000000000 0.000000000
15.500000 0.003075505 0.000000000 -0.000000000 0.000000000 0.000000000 0.000000000
15.600000 0.002231393 0.000000000 -0.000000000 0.000000000 0.000000000 0.000000000
15.700000 0.001294763 0.000000000 -0.000000000 0.000000000 0.000000000 0.000000000
15.800000 0.000359051 0.000000000 -0.000000000 0.000000000 0.000000000 0.000000000
15.900000 -0.000482589 0.000000000 0.000000000 0.000000000 0.000000000 0.000000000
16.000000 -0.001144797 0.000000000 0.000000000 0.000000000 0.000000000 0.000000000
16.100000 -0.001575352 0.000000000 0.000000000 0.000000000 0.000000000 0.000000000
16.200000 -0.001773272 0.000000000 0.000000000 0.000000000 0.000000000 0.000000000
16.300000 -0.001770711 0.000000000 0.000000000 0.000000000 0.000000000 0.000000000
16.400000 -0.001607622 0.000000000 0.000000000 0.000000000 0.000000000 0.000000000
16.500000 -0.001324236 0.000000000 0.000000000 0.000000000 0.000000000 0.000000000
16.600000 -0.000960783 0.000000000 0.000000000 0.000000000 0.000000000 0.000000000
16.700000 -0.000557494 0.000000000 0.000000000 0.000000000 0.000000000 0.000000000
16.800000 -0.000154599 0.000000000 0.000000000 0.000000000 0.000000000 0.000000000
16.900000 0.000207790 0.000000000 -0.000000000 0.000000000 0.000000000 0.000000000
17.000000 0.000492921 0.000000000 -0.000000000 0.000000000 0.000000000 0.000000000
17.100000 0.000678307 0.000000000 -0.000000000 0.000000000 0.000000000 0.000000000
17.200000 0.000763527 0.000000000 -0.000000000 0.000000000 0.000000000 0.000000000
17.300000 0.000762424 0.000000000 -0.000000000 0.000000000 0.000000000 0.000000000
17.400000 0.000692202 0.000000000 -0.000000000 0.000000000 0.000000000 0.000000000
17.500000 0.000570183 0.000000000 -0.000000000 0.000000000 0.000000000 0.000000000
17.600000 0.000413690 0.000000000 -0.000000000 0.000000000 0.000000000 0.000000000
17.700000 0.000240043 0.000000000 -0.000000000 0.000000000 0.000000000 0.000000000
17.800000 0.000066567 0.000000000 -0.000000000 0.000000000 0.000000000 0.000000000
17.900000 -0.000089469 0.000000000 0.000000000 0.000000000 0.000000000 0.000000000
18.000000 -0.000212239 0.000000000 0.000000000 0.000000000 0.000000000 0.000000000
18.100000 -0.000292062 0.000000000 0.000000000 0.000000000 0.000000000 0.000000000
18.200000 -0.000328756 0.000000000 0.000000000 0.000000000 0.000000000 0.000000000
18.300000 -0.000328281 0.000000000 0.000000000 0.000000000 0.000000000 0.000000000
18.400000 -0.000298045 0.000000000 0.000000000 0.000000000 0.000000000 0.000000000
18.500000 -0.000245507 0.000000000 0.000000000 0.000000000 0.000000000 0.000000000
18.600000 -0.000178125 0.000000000 0.000000000 0.000000000 0.000000000 0.000000000
18.700000 -0.000103357 0.000000000 0.000000000 0.000000000 0.000000000 0.000000000
18.800000 -0.000028662 0.000000000 0.000000000 0.000000000 0.000000000 0.000000000
18.900000 0.000038523 0.000000000 -0.000000000 0.000000000 0.000000000 0.000000000
19.000000 0.000091385 0.000000000 -0.000000000 0.000000000 0.000000000 0.000000000
19.100000 0.000125755 0.000000000 -0.000000000 0.000000000 0.000000000 0.000000000
19.200000 0.000141554 0.000000000 -0.000000000 0.000000000 0.000000000 0.000000000
19.300000 0.000141350 0.000000000 -0.000000000 0.000000000 0.000000000 0.000000000
19.400000 0.000128331 0.000000000 -0.000000000 0.000000000 0.000000000 0.000000000
19.500000 0.000105709 0.000000000 -0.000000000 0.000000000 0.000000000 0.000000000
19.600000 0.000076696 0.000000000 -0.000000000 0.000000000 0.000000000 0.000000000
19.700000 0.000044503 0.000000000 -0.000000000 0.000000000 0.000000000 0.000000000
19.800000 0.000012341 0.000000000 -0.000000000 0.000000000 0.000000000 0.000000000
19.900000 -0.000016587 0.000000000 0.000000000 0.000000000 0.000000000 0.000000000
20.000000 -0.000039348 0.000000000 0.000000000 0.000000000 0.000000000 0.000000000
20.100000 -0.000054147 0.000000000 0.000000000 0.000000000 0.000000000 0.000000000
20.200000 -0.000060950 0.000000000 0.000000000 0.000000000 0.000000000 0.000000000
20.300000 -0.000060862 0.000000000 0.000000000 0.000000000 0.000000000 0.000000000
20.400000 -0.000055256 0.000000000 0.000000000 0.000000000 0.000000000 0.000000000
20.500000 -0.000045516 0.000000000 0.000000000 0.000000000 0.000000000 0.000000000
20.600000 -0.000033023 0.000000000 0.000000000 0.000000000 0.000000000 0.000000000
20.700000 -0.000019162 0.000000000 0.000000000 0.000000000 0.000000000 0.000000000
20.800000 -0.000005314 0.000000000 0.000000000 0.000000000 0.000000000 0.000000000
20.900000 0.000007142 0.000000000 -0.000000000 0.000000000 0.000000000 0.000000000
21.000000 0.000016942 0.000000000 -0.000000000 0.000000000 0.000000000 0.000000000
21.100000 0.000023314 0.000000000 -0.000000000 0.000000000 0.000000000 0.000000000
21.200000 0.000026243 0.000000000 -0.000000000 0.000000000 0.000000000 0.000000000
21.300000 0.000026206 0.000000000 -0.000000000 0.000000000 0.000000000 0.000000000
21.400000 0.000023792 0.000000000 -0.000000000 0.000000000 0.000000000 0.000000000
21.500000 0.000019598 0.000000000 -0.000000000 0.000000000 0.000000000 0.000000000
21.600000 0.000014219 0.000000000 -0.000000000 0.000000000 0.000000000 0.000000000
21.700000 0.000008251 0.000000000 -0.000000000 0.000000000 0.000000000 0.000000000
21.800000 0.000002288 0.000000000 -0.000000000 0.000000000 0.000000000 0.000000000
21.900000 -0.000003075 0.000000000 0.000000000 0.000000000 0.000000000 0.000000000
22.000000 -0.000007295 0.000000000 0.000000000 0.000000000 0.000000000 0.000000000
22.100000 -0.000010039 0.000000000 0.000000000 0.000000000 0.000000000 0.000000000
22.200000 -0.000011300 0.000000000 0.000000000 0.000000000 0.000000000 0.000000000
22.300000 -0.000011283 0.000000000 0.000000000 0.000000000 0.000000000 0.000000000
22.400000 -0.000010244 0.000000000 0.000000000 0.000000000 0.000000000 0.000000000
22.500000 -0.000008438 0.000000000 0.000000000 0.000000000 0.000000000 0.000000000
22.600000 -0.000006122 0.000000000 0.000000000 0.000000000 0.000000000 0.000000000
22.700000 -0.000003553 0.000000000 0.000000000 0.000000000 0.000000000 0.000000000
22.800000 -0.000000985 0.000000000 0.000000000 0.000000000 0.000000000 0.000000000
22.900000 0.000001324 0.000000000 -0.000000000 0.000000000 0.000000000 0.000000000
23.000000 0.000003141 0.000000000 -0.000000000 0.000000000 0.000000000 0.000000000
23.100000 0.000004322 0.000000000 -0.000000000 0.000000000 0.000000000 0.000000000
23.200000 0.000004865 0.000000000 -0.000000000 0.000000000 0.000000000 0.000000000
23.300000 0.000004858 0.000000000 -0.000000000 0.000000000 0.000000000 0.000000000
23.400000 0.000004411 0.000000000 -0.000000000 0.000000000 0.000000000 0.000000000
23.500000 0.000003633 0.000000000 -0.000000000 0.000000000 0.000000000 0.000000000
23.600000 0.000002636 0.000000000 -0.000000000 0.000000000 0.000000000 0.000000000
23.700000 0.000001530 0.000000000 -0.000000000 0.000000000 0.000000000 0.000000000
23.800000 0.000000424 0.000000000 -0.000000000 0.000000000 0.000000000 0.000000000
23.900000 -0.000000570 0.000000000 0.000000000 0.000000000 0.000000000 0.000000000
24.000000 -0.000001352 0.000000000 0.000000000 0.000000000 0.000000000 0.000000000
24.100000 -0.000001861 0.000000000 0.000000000 0.000000000 0.000000000 0.000000000
24.200000 -0.000002095 0.000000000 0.000000000 0.000000000 0.000000000 0.000000000
24.300000 -0.000002092 0.000000000 0.000000000 0.000000000 0.000000000 0.000000000
24.400000 -0.000001899 0.000000000 0.000000000 0.000000000 0.000000000 0.000000000
24.500000 -0.000001564 0.000000000 0.000000000 0.000000000 0.000000000 0.000000000
24.600000 -0.000001135 0.000000000 0.000000000 0.000000000 0.000000000 0.000000000
24.700000 -0.000000659 0.000000000 0.000000000 0.000000000 0.000000000 0.000000000
24.800000 -0.000000183 0.000000000 0.000000000 0.000000000 0.000000000 0.000000000
24.900000 0.000000245 0.000000000 -0.000000000 0.000000000 0.000000000 0.000000000
25.000000 0.000000582 0.000000000 -0.000000000 0.000000000 0.000000000 0.000000000
25.100000 0.000000801 0.000000000 -0.000000000 0.000000000 0.000000000 0.000000000
25.200000 0.000000902 0.000000000 -0.000000000 0.000000000 0.000000000 0.000000000
25.300000 0.000000901 0.000000000 -0.000000000 0.000000000 0.000000000 0.000000000
25.400000 0.000000818 0.000000000 -0.000000000 0.000000000 0.000000000 0.000000000
25.500000 0.000000674 0.000000000 -0.000000000 0.000000000 0.000000000 0.000000000
25.600000 0.000000489 0.000000000 -0.000000000 0.000000000 0.000000000 0.000000000
25.700000 0.000000284 0.000000000 -0.000000000 0.000000000 0.000000000 0.000000000
25.800000 0.000000079 0.000000000 -0.000000000 0.000000000 0.000000000 0.000000000
25.900000 -0.000000106 0.000000000 0.000000000 0.000000000 0.000000000 0.000000000
26.000000 -0.000000251 0.000000000 0.000000000 0.000000000 0.000000000 0.000000000
26.100000 -0.000000345 0.000000000 0.000000000 0.000000000 0.000000000 0.000000000
26.200000 -0.000000388 0.000000000 0.000000000 0.000000000 0.000000000 0.000000000
26.300000 -0.000000388 0.000000000 0.000000000 0.000000000 0.000000000 0.000000000
26.400000 -0.000000352 0.000000000 0.000000000 0.000000000 0.000000000 0.000000000
26.500000 -0.000000290 0.000000000 0.000000000 0.000000000 0.000000000 0.000000000
26.600000 -0.000000210 0.000000000 0.000000000 0.000000000 0.000000000 0.000000000
26.700000 -0.000000122 0.000000000 0.000000000 0.000000000 0.000000000 0.000000000
26.800000 -0.000000034 0.000000000 0.000000000 0.000000000 0.000000000 0.000000000
26.900000 0.000000046 0.000000000 -0.000000000 0.000000000 0.000000000 0.000000000
27.000000 0.000000108 0.000000000 -0.000000000 0.000000000 0.000000000 0.000000000
27.100000 0.000000149 0.000000000 -0.000000000 0.000000000 0.000000000 0.000000000
27.200000 0.000000167 0.000000000 -0.000000000 0.000000000 0.000000000 0.000000000
27.300000 0.000000167 0.000000000 -0.000000000 0.000000000 0.000000000 0.000000000
27.400000 0.000000152 0.000000000 -0.000000000 0.000000000 0.000000000 0.000000000
27.500000 0.000000125 0.000000000 -0.000000000 0.000000000 0.000000000 0.000000000
27.600000 0.000000091 0.000000000 -0.000000000 0.000000000 0.000000000 0.000000000
27.700000 0.000000053 0.000000000 -0.000000000 0.000000000 0.000000000 0.000000000
27.800000 0.000000015 0.000000000 -0.000000000 0.000000000 0.000000000 0.000000000
27.900000 -0.000000020 0.000000000 0.000000000 0.000000000 0.000000000 0.000000000
28.000000 -0.000000046 0.000000000 0.000000000 0.000000000 0.000000000 0.000000000
28.100000 -0.000000064 0.000000000 0.000000000 0.000000000 0.000000000 0.000000000
28.200000 -0.000000072 0.000000000 0.000000000 0.000000000 0.000000000 0.000000000
28.300000 -0.000000072 0.000000000 0.000000000 0.000000000 0.000000000 0.000000000
28.400000 -0.000000065 0.000000000 0.000000000 0.000000000 0.000000000 0.000000000
28.500000 -0.000000054 0.000000000 0.000000000 0.000000000 0.000000000 0.000000000
28.600000 -0.000000039 0.000000000 0.000000000 0.000000000 0.000000000 0.000000000
28.700000 -0.000000023 0.000000000 0.000000000 0.000000000 0.000000000 0.000000000
28.800000 -0.000000006 0.000000000 0.000000000 0.000000000 0.000000000 0.000000000
28.900000 0.000000008 0.000000000 -0.000000000 0.000000000 0.000000000 0.000000000
29.000000 0.000000020 0.000000000 -0.000000000 0.000000000 0.000000000 0.000000000
29.100000 0.000000028 0.000000000 -0.000000000 0.000000000 0.000000000 0.000000000
29.200000 0.000000031 0.000000000 -0.000000000 0.000000000 0.000000000 0.000000000
29.300000 0.000000031 0.000000000 -0.000000000 0.000000000 0.000000000 0.000000000
29.400000 0.000000028 0.000000000 -0.000000000 0.000000000 0.000000000 0.000000000
29.500000 0.000000023 0.000000000 -0.000000000 0.000000000 0.000000000 0.000000000
29.600000 0.000000017 0.000000000 -0.000000000 0.000000000 0.000000000 0.000000000
29.700000 0.000000010 0.000000000 -0.000000000 0.000000000 0.000000000 0.000000000
29.800000 0.000000003 0.000000000 -0.000000000 0.000000000 0.000000000 0.000000000
29.900000 -0.000000004 0.000000000 0.000000000 0.000000000 0.000000000 0.000000000
30.000000 -0.000000009 0.000000000 0.000000000 0.000000000 0.000000000 0.000000000
30.100000 -0.000000012 0.000000000 0.000000000 0.000000000 0.000000000 0.000000000
30.200000 -0.000000013 0.000000000 0.000000000 0.000000000 0.000000000 0.000000000
30.300000 -0.000000013 0.000000000 0.000000000 0.000000000 0.000000000 0.000000000
30.400000 -0.000000012 0.000000000 0.000000000 0.000000000 0.000000000 0.000000000
30.500000 -0.000000010 0.000000000 0.000000000 0.000000000 0.000000000 0.000000000
30.600000 -0.000000007 0.000000000 0.000000000 0.000000000 0.000000000 0.000000000
30.700000 -0.000000004 0.000000000 0.000000000 0.000000000 0.000000000 0.000000000
30.800000 -0.000000001 0.000000000 0.000000000 0.000000000 0.000000000 0.000000000
30.900000 0.000000002 0.000000000 -0.000000000 0.000000000 0.000000000 0.000000000
31.000000 0.000000004 0.000000000 -0.000000000 0.000000000 0.000000000 0.000000000
31.100000 0.000000005 0.000000000 -0.000000000 0.000000000 0.000000000 0.000000000
31.200000 0.000000006 0.000000000 -0.000000000 0.000000000 0.000000000 0.000000000
31.300000 0.000000006 0.000000000 -0.000000000 0.000000000 0.000000000 0.000000000
31.400000 0.000000005 0.000000000 -0.000000000 0.000000000 0.000000000 0.000000000
31.500000 0.000000004 0.000000000 -0.000000000 0.000000000 0.000000000 0.000000000
31.600000 0.000000003 0.000000000 -0.000000000 0.000000000 0.000000000 0.000000000
31.700000 0.000000002 0.000000000 -0.000000000 0.000000000 0.000000000 0.000000000
31.800000 0.000000001 0.000000000 -0.000000000 0.000000000 0.000000000 0.000000000
31.900000 -0.000000001 0.000000000 0.000000000 0.000000000 0.000000000 0.000000000
32.000000 -0.000000002 0.000000000 0.000000000 0.000000000 0.000000000 0.000000000
32.100000 -0.000000002 0.000000000 0.000000000 0.000000000 0.000000000 0.000000000
32.200000 -0.000000002 0.000000000 0.000000000 0.000000000 0.000000000 0.000000000
32.300000 -0.000000002 0.000000000 0.000000000 0.000000000 0.000000000 0.000000000
32.400000 -0.000000002 0.000000000 0.000000000 0.000000000 0.000000000 0.000000000
32.500000 -0.000000002 0.000000000 0.000000000 0.000000000 0.000000000 0.000000000
32.600000 -0.000000001 0.000000000 0.000000000 0.000000000 0.000000000 0.000000000
32.700000 -0.000000001 0.000000000 0.000000000 0.000000000 0.000000000 0.000000000
32.800000 -0.000000000 0.000000000 0.000000000 0.000000000 0.000000000 0.000000000
32.900000 0.000000000 0.000000000 -0.000000000 0.000000000 0.000000000 0.000000000
33.000000 0.000000001 0.000000000 -0.000000000 0.000000000 0.000000000 0.000000000
33.100000 0.000000001 0.000000000 -0.000000000 0.000000000 0.000000000 0.000000000
33.200000 0.000000001 0.000000000 -0.000000000 0.000000000 0.000000000 0.000000000
33.300000 0.000000001 0.000000000 -0.000000000 0.000000000 0.000000000 0.000000000
33.400000 0.000000001 0.000000000 -0.000000000 0.000000000 0.000000000 0.000000000
33.500000 0.000000001 0.000000000 -0.000000000 0.000000000 0.000000000 0.000000000
33.600000 0.000000001 0.000000000 -0.000000000 0.000000000 0.000000000 0.000000000
33.700000 0.000000000 0.000000000 -0.000000000 0.000000000 0.000000000 0.000000000
33.800000 0.000000000 0.000000000 -0.000000000 0.000000000 0.000000000 0.000000000
33.900000 -0.000000000 0.000000000 0.000000000 0.000000000 0.000000000 0.000000000
34.000000 -0.000000000 0.000000000 0.000000000 0.000000000 0.000000000 0.000000000
34.100000 -0.000000000 0.000000000 0.000000000 0.000000000 0.000000000 0.000000000
34.200000 -0.000000000 0.000000000 0.000000000 0.000000000 0.000000000 0.000000000
34.300000 -0.000000000 0.000000000 0.000000000 0.000000000 0.000000000 0.000000000
34.400000 -0.000000000 0.000000000 0.000000000 0.000000000 0.000000000 0.000000000
34.500000 -0.000000000 0.000000000 0.000000000 0.000000000 0.000000000 0.000000000
34.600000 -0.000000000 0.000000000 0.000000000 0.000000000 0.000000000 0.000000000
34.700000 -0.000000000 0.000000000 0.000000000 0.000000000 0.000000000 0.000000000
34.800000 -0.000000000 0.000000000 0.000000000 0.000000000 0.000000000 0.000000000
34.900000 0.000000000 0.000000000 -0.000000000 0.000000000 0.000000000 0.000000000
35.000000 0.000000000 0.000000000 -0.000000000 0.000000000 0.000000000 0.000000000
35.100000 0.000000000 0.000000000 -0.000000000 0.000000000 0.000000000 0.000000000
35.200000 0.000000000 0.000000000 -0.000000000 0.000000000 0.000000000 0.000000000
35.300000 0.000000000 0.000000000 -0.000000000 0.000000000 0.000000000 0.000000000
35.400000 0.000000000 0.000000000 -0.000000000 0.000000000 0.000000000 0.000000000
35.500000 0.000000000 0.000000000 -0.000000000 0.000000000 0.000000000 0.000000000
35.600000 0.000000000 0.000000000 -0.000000000 0.000000000 0.000000000 0.000000000
35.700000 0.000000000 0.000000000 -0.000000000 0.000000000 0.000000000 0.000000000
35.800000 0.000000000 0.000000000 -0.000000000 0.000000000 0.000000000 0.000000000
35.900000 -0.000000000 0.000000000 0.000000000 0.000000000 0.000000000 0.000000000
36.000000 -0.000000000 0.000000000 0.000000000 0.000000000 0.000000000 0.000000000
36.100000 -0.000000000 0.000000000 0.000000000 0.000000000 0.000000000 0.000000000
36.200000 -0.000000000 0.000000000 0.000000000 0.000000000 0.000000000 0.000000000
36.300000 -0.000000000 0.000000000 0.000000000 0.000000000 0.000000000 0.000000000
36.400000 -0.000000000 0.000000000 0.000000000 0.000000000 0.000000000 0.000000000
36.500000 -0.000000000 0.000000000 0.000000000 0.000000000 0.000000000 0.000000000
36.600000 -0.000000000 0.000000000 0.000000000 0.000000000 0.000000000 0.000000000
36.700000 -0.000000000 0.000000000 0.000000000 0.000000000 0.000000000 0.000000000
36.800000 -0.000000000 0.000000000 0.000000000 0.000000000 0.000000000 0.000000000
36.900000 0.000000000 0.000000000 -0.000000000 0.000000000 0.000000000 0.000000000
37.000000 0.000000000 0.000000000 -0.000000000 0.000000000 0.000000000 0.000000000
37.100000 0.000000000 0.000000000 -0.000000000 0.000000000 0.000000000 0.000000000
37.200000 0.000000000 0.000000000 -0.000000000 0.000000000 0.000000000 0.000000000
37.300000 0.000000000 0.000000000 -0.000000000 0.000000000 0.000000000 0.000000000
37.400000 0.000000000 0.000000000 -0.000000000 0.000000000 0.000000000 0.000000000
37.500000 0.000000000 0.000000000 -0.000000000 0.000000000 0.000000000 0.000000000
37.600000 0.000000000 0.000000000 -0.000000000 0.000000000 0.000000000 0.000000000
37.700000 0.000000000 0.000000000 -0.000000000 0.000000000 0.000000000 0.000000000
37.800000 0.000000000 0.000000000 -0.000000000 0.000000000 0.000000000 0.000000000
37.900000 -0.000000000 0.000000000 0.000000000 0.000000000 0.000000000 0.000000000
38.000000 -0.000000000 0.000000000 0.000000000 0.000000000 0.000000000 0.000000000
38.100000 -0.000000000 0.000000000 0.000000000 0.000000000 0.000000000 0.000000000
38.200000 -0.000000000 0.000000000 0.000000000 0.000000000 0.000000000 0.000000000
38.300000 -0.000000000 0.000000000 0.000000000 0.000000000 0.000000000 0.000000000
38.400000 -0.000000000 0.000000000 0.000000000 0.000000000 0.000000000 0.000000000
38.500000 -0.000000000 0.000000000 0.000000000 0.000000000 0.000000000 0.000000000
38.600000 -0.000000000 0.000000000 0.000000000 0.000000000 0.000000000 0.000000000
38.700000 -0.000000000 0.000000000 0.000000000 0.000000000 0.000000000 0.000000000
38.800000 -0.000000000 0.000000000 0.000000000 0.000000000 0.000000000 0.000000000
38.900000 0.000000000 0.000000000 -0.000000000 0.000000000 0.000000000 0.000000000
39.000000 0.000000000 0.000000000 -0.000000000 0.000000000 0.000000000 0.000000000
39.100000 0.000000000 0.000000000 -0.000000000 0.000000000 0.000000000 0.000000000
39.200000 0.000000000 0.000000000 -0.000000000 0.000000000 0.000000000 0.000000000
39.300000 0.000000000 0.000000000 -0.000000000 0.000000000 0.000000000 0.000000000
39.400000 0.000000000 0.000000000 -0.000000000 0.000000000 0.000000000 0.000000000
39.500000 0.000000000 0.000000000 -0.000000000 0.000000000 0.000000000 0.000000000
39.600000 0.000000000 0.000000000 -0.000000000 0.000000000 0.000000000 0.000000000
39.700000 0.000000000 0.000000000 -0.000000000 0.000000000 0.000000000 0.000000000
39.800000 0.000000000 0.000000000 -0.000000000 0.000000000 0.000000000 0.000000000
39.900000 -0.000000000 0.000000000 0.000000000 0.000000000 0.000000000 0.000000000
40.000000 -0.000000000 0.000000000 0.000000000 0.000000000 0.000000000 0.000000000
40.100000 -0.000000000 0.000000000 0.000000000 0.000000000 0.000000000 0.000000000
40.200000 -0.000000000 0.000000000 0.000000000 0.000000000 0.000000000 0.000000000
40.300000 -0.000000000 0.000000000 0.000000000 0.000000000 0.000000000 0.000000000
40.400000 -0.000000000 0.000000000 0.000000000 0.000000000 0.000000000 0.000000000
40.500000 -0.000000000 0.000000000 0.000000000 0.000000000 0.000000000 0.000000000
40.600000 -0.000000000 0.000000000 0.000000000 0.000000000 0.000000000 0.000000000
40.700000 -0.000000000 0.000000000 0.000000000 0.000000000 0.000000000 0.000000000
40.800000 -0.000000000 0.000000000 0.000000000 0.000000000 0.000000000 0.000000000
40.900000 0.000000000 0.000000000 -0.000000000 0.000000000 0.000000000 0.000000000
41.000000 0.000000000 0.000000000 -0.000000000 0.000000000 0.000000000 0.000000000
41.100000 0.000000000 0.000000000 -0.000000000 0.000000000 0.000000000 0.000000000
41.200000 0.000000000 0.000000000 -0.000000000 0.000000000 0.000000000 0.000000000
41.300000 0.000000000 0.000000000 -0.000000000 0.000000000 0.000000000 0.000000000
41.400000 0.000000000 0.000000000 -0.000000000 0.000000000 0.000000000 0.000000000
41.500000 0.000000000 0.000000000 -0.000000000 0.000000000 0.000000000 0.000000000
41.600000 0.000000000 0.000000000 -0.000000000 0.000000000 0.000000000 0.000000000
41.700000 0.000000000 0.000000000 -0.000000000 0.000000000 0.000000000 0.000000000
41.800000 0.000000000 0.000000000 -0.000000000 0.000000000 0.000000000 0.000000000
41.900000 -0.000000000 0.000000000 0.000000000 0.000000000 0.000000000 0.000000000
42.000000 -0.000000000 0.000000000 0.000000000 0.000000000 0.000000000 0.000000000
42.100000 -0.000000000 0.000000000 0.000000000 0.000000000 0.000000000 0.000000000
42.200000 -0.000000000 0.000000000 0.000000000 0.000000000 0.000000000 0.000000000
42.300000 -0.000000000 0.000000000 0.000000000 0.000000000 0.000000000 0.000000000
42.400000 -0.000000000 0.000000000 0.000000000 0.000000000 0.000000000 0.000000000
42.500000 -0.000000000 0.000000000 0.000000000 0.000000000 0.000000000 0.000000000
42.600000 -0.000000000 0.000000000 0.000000000 0.000000000 0.000000000 0.000000000
42.700000 -0.000000000 0.000000000 0.000000000 0.000000000 0.000000000 0.000000000
42.800000 -0.000000000 0.000000000 0.000000000 0.000000000 0.000000000 0.000000000
42.900000 0.000000000 0.000000000 -0.000000000 0.000000000 0.000000000 0.000000000
43.000000 0.000000000 0.000000000 -0.000000000 0.000000000 0.000000000 0.000000000
43.100000 0.000000000 0.000000000 -0.000000000 0.000000000 0.000000000 0.000000000
43.200000 0.000000000 0.000000000 -0.000000000 0.000000000 0.000000000 0.000000000
43.300000 0.000000000 0.000000000 -0.000000000 0.000000000 0.000000000 0.000000000
43.400000 0.000000000 0.000000000 -0.000000000 0.000000000 0.000000000 0.000000000
43.500000 0.000000000 0.000000000 -0.000000000 0.000000000 0.000000000 0.000000000
43.600000 0.000000000 0.000000000 -0.000000000 0.000000000 0.000000000 0.000000000
43.700000 0.000000000 0.000000000 -0.000000000 0.000000000 0.000000000 0.000000000
43.800000 0.000000000 0.000000000 -0.000000000 0.000000000 0.000000000 0.000000000
43.900000 0.000000000 0.000000000 -0.000000000 0.000000000 0.000000000 0.000000000
44.000000 -0.000000000 0.000000000 0.000000000 0.000000000 0.000000000 0.000000000
44.100000 -0.000000000 0.000000000 0.000000000 0.000000000 0.000000000 0.000000000
44.200000 -0.000000000 0.000000000 0.000000000 0.000000000 0.000000000 0.000000000
44.300000 -0.000000000 0.000000000 0.000000000 0.000000000 0.000000000 0.000000000
44.400000 -0.000000000 0.000000000 0.000000000 0.000000000 0.000000000 0.000000000
44.500000 -0.000000000 0.000000000 0.000000000 0.000000000 0.000000000 0.000000000
44.600000 -0.000000000 0.000000000 0.000000000 0.000000000 0.000000000 0.000000000
44.700000 -0.000000000 0.000000000 0.000000000 0.000000000 0.000000000 0.000000000
44.800000 0.000000000 0.000000000 0.000000000 0.000000000 0.000000000 0.000000000
44.900000 0.000000000 0.000000000 -0.000000000 0.000000000 0.000000000 0.000000000
45.000000 0.000000000 0.000000000 0.000000000 0.000000000 0.000000000 0.000000000
45.100000 0.000000000 0.000000000 0.000000000 0.000000000 0.000000000 0.000000000
45.200000 0.000000000 0.000000000 -0.000000000 0.000000000 0.000000000 0.000000000
45.300000 0.000000000 0.000000000 -0.000000000 0.000000000 0.000000000 0.000000000
45.400000 0.000000000 0.000000000 -0.000000000 0.000000000 0.000000000 0.000000000
45.500000 0.000000000 0.000000000 -0.000000000 0.000000000 0.000000000 0.000000000
45.600000 0.000000000 0.000000000 -0.000000000 0.000000000 0.000000000 0.000000000
45.700000 0.000000000 0.000000000 -0.000000000 0.000000000 0.000000000 0.000000000
45.800000 0.000000000 0.000000000 0.000000000 0.000000000 0.000000000 0.000000000
45.900000 0.000000000 0.000000000 0.000000000 0.000000000 0.000000000 0.000000000
46.000000 0.000000000 0.000000000 -0.000000000 0.000000000 0.000000000 0.000000000
46.100000 0.000000000 0.000000000 -0.000000000 0.000000000 0.000000000 0.000000000
46.200000 -0.000000000 0.000000000 0.000000000 0.000000000 0.000000000 0.000000000
46.300000 -0.000000000 0.000000000 0.000000000 0.000000000 0.000000000 0.000000000
46.400000 0.000000000 0.000000000 0.000000000 0.000000000 0.000000000 0.000000000
46.500000 0.000000000 0.000000000 0.000000000 0.000000000 0.000000000 0.000000000
46.600000 -0.000000000 0.000000000 0.000000000 0.000000000 0.000000000 0.000000000
46.700000 0.000000000 0.000000000 0.000000000 0.000000000 0.000000000 0.000000000
46.800000 0.000000000 0.000000000 -0.000000000 0.000000000 0.000000000 0.000000000
46.900000 -0.000000000 0.000000000 0.000000000 0.000000000 0.000000000 0.000000000
47.000000 -0.000000000 0.000000000 0.000000000 0.000000000 0.000000000 0.000000000
47.100000 0.000000000 0.000000000 -0.000000000 0.000000000 0.000000000 0.000000000
47.200000 0.000000000 0.000000000 -0.000000000 0.000000000 0.000000000 0.000000000
47.300000 0.000000000 0.000000000 -0.000000000 0.000000000 0.000000000 0.000000000
47.400000 0.000000000 0.000000000 0.000000000 0.000000000 0.000000000 0.000000000
47.500000 0.000000000 0.000000000 -0.000000000 0.000000000 0.000000000 0.000000000
47.600000 0.000000000 0.000000000 -0.000000000 0.000000000 0.000000000 0.000000000
47.700000 0.000000000 0.000000000 -0.000000000 0.000000000 0.000000000 0.000000000
47.800000 -0.000000000 0.000000000 0.000000000 0.000000000 0.000000000 0.000000000
47.900000 0.000000000 0.000000000 -0.000000000 0.000000000 0.000000000 0.000000000
48.000000 0.000000000 0.000000000 -0.000000000 0.000000000 0.000000000 0.000000000
48.100000 0.000000000 0.000000000 -0.000000000 0.000000000 0.000000000 0.000000000
48.200000 -0.000000000 0.000000000 0.000000000 0.000000000 0.000000000 0.000000000
48.300000 -0.000000000 0.000000000 0.000000000 0.000000000 0.000000000 0.000000000
48.400000 -0.000000000 0.000000000 0.000000000 0.000000000 0.000000000 0.000000000
48.500000 -0.000000000 0.000000000 0.000000000 0.000000000 0.000000000 0.000000000
48.600000 -0.000000000 0.000000000 0.000000000 0.000000000 0.000000000 0.000000000
48.700000 -0.000000000 0.000000000 0.000000000 0.000000000 0.000000000 0.000000000
48.800000 -0.000000000 0.000000000 0.000000000 0.000000000 0.000000000 0.000000000
48.900000 -0.000000000 0.000000000 0.000000000 0.000000000 0.000000000 0.000000000
49.000000 -0.000000000 0.000000000 0.000000000 0.000000000 0.000000000 0.000000000
